A      64      44       0       0

B      13      32       0       0

C      22      36       0       0

D      32      38       0       0

E     103      47       0       0

F      21      35       0       0

G      15      32       0       0

H      47      40       0       0

I      57      42       0       0

J       1       0       0       0

K       5      30       0       0

L      32      38       0       0

M      20      35       0       0

N      57      42       0       0

O      63      43       0       0

P      15      33       0       0

Q       1      28       0       0

R      48      41       0       0

S      51      41       0       0

T      80      45       0       0

U      23      36       0       0

V       8      31       0       0

W      18      34       0       0

X       1      27       0       0

Y      16      33       0       0

Z       1      28       0       0

